0.00521513239559204
0.00989360285843055
0.000338864225778727
0.0024461673282319
0.00145854859116991
0.00353820206412582
0.000121460913563542
0.00157053995023492
0.00100189630904414
0.000452686162274558
0.00954335940384506
0.00347856984220468
0.00171462139504377
0.00150818231833986
0.0019468073292184
0.0121271969159532
0.00154782811442425
0.0134535230276956
0.0040313768715879
0.00151584423340193
0.00189978550238123
0.00764552087553911
0.00303706515991513
0.00122336367466148
0.009502990493089
0.00641147332511432
0.00831367616183358
0.0111813041590417
0.00289502994240449
0.00188853705984075
0.000482441025708565
0.0124693495430941
0.0161416989456492
0.00789195826243183
0.00836545626566062
0.00673827109493165
0.00864605180642068
0.0019015120069926
0.00367317723332059
0.0130428542120435
0.00489815286959335
0.00564107221939116
0.0032323441971229
0.0127128667110885
0.00503938948574591
0.000260404023460293
0.00645285631429098
0.0153796866627963
0.00323767923339791
0.00133572404973285
0.00539367341511963
8.36256002604339e-06
0.0126085933229032
0.0139971947360632
0.00424187827308473
0.000420913997633397
0.0173071664807399
0.0157169581776083
0.00188787525004591
0.000845265226281628
0.023282541018957
0.00652616534879129
0.000319117291108921
0.00048673561273246
0.00542582124810624
0.00925592398238378
0.00356084456395695
0.0051878694702838
0.000412795377746094
0.00470954430445486
0.000266620970854225
0.00563556257723758
0.00555063803936498
0.00231124912038759
0.00387788228870023
0.00116446793618609
0.0020721576722067
0.00148238495392352
0.00340643260496454
0.00553329667199557
0.000252254490334077
0.000230418344832532
0.00117534339888876
0.0126800531312959
0.00963242305849582
0.00540698241896134
0.00303929196739829
0.0107831782396237
0.00479118907086639
0.00151637326490593
0.00286964958518179
0.000209167827038621
0.00703759750866597
0.00215076028477077
0.00248921500200394
0.00197703192098994
0.000447186841558676
0.00116256328951096
0.00652224385920233
0.00243723248048417
0.00964776025122063
0.000286239796505655
0.00261621476770539
0.00692402787366729
0.00131400609114035
0.00469509507697329
0.000871396875231167
1.9930392174743e-05
0.000792025462535389
0.0132290052213084
0.00368809499276151
0.0126845806269565
0.000137083075828066
0.0113317545635454
0.000377953589039371
0.00348839916761897
0.00202263132598864
0.00102700126533165
0.0235273055643242
0.0168328109586285
0.000591313525112383
0.00204582119397681
0.00294466946145714
0.00186106280346053
0.00879584536302783
0.00263846191187754
0.00345168203997587
0.00231112657101782
0.0034567068413092
0.00541279383832707
0.00907640260055678
0.000495757869238194
0.00101319945159041
0.00200976878883815
0.000828316255441393
0.00556079608245864
0.00369360262984155
0.00112064358180382
0.00940307205866742
0.00445834321132943
0.00175830519466429
0.00171641493898024
0.00529269286665829
0.000700874765380355
0.00204275038368873
0.000327376322404232
0.00455043003480128
0.000705853425692891
0.00941812898885365
0.00439415632685738
0.0098525341056768
0.000248595026524275
0.0122023494473394
0.00638235851171213
0.00128252167683607
0.0124588349318681
0.000925604620225331
0.00152650736390375
0.000451717857776908
0.00153482728440548
0.000484382634719797
0.0140252132152556
0.00743585383263537
0.00621537603545602
0.00286894670821975
0.000308424582619088
0.00802942666319544
0.00244842928534433
0.005356280271552
0.00214219726097581
0.00282932638506595
0.00156578220435013
3.53615864929673e-05
0.00268794363166717
0.000114069903298079
8.05802156770869e-05
0.0126214311864763
0.00680248715275467
0.0122325731948948
0.000473831822359402
0.00145557789371108
0.000731117630270804
0.00480320940918853
0.00867085485613217
0.00327284725919326
0.0122144183774708
0.000689893035316644
0.000883193276483997
0.00325252446061758
0.00432239142758776
0.00341540043711243
0.00376864861680357
0.0099791230178171
0.000120385662551842
0.00616510972629836
0.00341942094272975
0.00514754754696578
0.0193830349171799
0.00606725250553086
0.00220687466817958
0.40949847153388
0.608193236635998
0.334219180513173
0.610078224213794
0.994671367341653
0.805707659106702
0.139863819116727
0.00844673858955503
0.27060556714423
0.817371068056673
0.723894970491529
0.723735206294805
0.196336992317811
0.264276425121352
0.666833139723167
2.24411487579346e-05
0.658909518504515
0.0267602065578103
0.62411451828666
0.694207175634801
0.297781998524442
0.675601224647835
0.143603351199999
0.855840575415641
0.487819369882345
0.442741542588919
0.676447500940412
0.837539102416486
0.632931712316349
0.0279838920105249
0.501533806556836
0.191715719876811
0.53949347930029
0.727740748319775
0.563311925390735
0.480339080793783
0.212077788310125
0.939774941885844
0.239005129318684
0.437310446519405
0.465564317535609
0.0910690608434379
0.73217301722616
0.443469811230898
0.857537074480206
0.4477452209685
0.616378948790953
0.923872907646
0.15892554144375
0.250477750087157
0.0327208149246871
0.394020305015147
0.200503103900701
0.125104115810245
0.476494010537863
0.110042275628075
0.243010904407129
0.412033431697637
0.663019958185032
0.113535679876804
0.459878519177437
0.635333005106077
0.368605594150722
0.940976796671748
0.335124478209764
0.205874360399321
0.688090772368014
0.15499953343533
0.615735562052578
0.755057386821136
0.560277500655502
0.254799139685929
0.160167884314433
0.648648280650377
0.692276597721502
0.000967923551797867
0.671095011988655
0.970422646729276
0.540264026960358
0.202070178696886
0.00429750420153141
0.417548209894449
0.857135308207944
0.728351593017578
0.310062170261517
0.566727255005389
0.391148712020367
0.696946021402255
0.121453400002792
0.576669450849295
0.854465525131673
0.174484056653455
0.998152948915958
0.832176430616528
0.0987807093188167
0.155602258164436
0.371125598205253
0.103159474441782
0.0583573861513287
0.419902370776981
0.776056884089485
0.236690863501281
0.266731213545427
0.267982047982514
0.712992020649835
0.223631112137809
0.708624651888385
0.937945972429588
0.94016365497373
0.0355253582820296
0.890335300471634
0.00668525951914489
0.322973835747689
0.975305505096912
0.00475837732665241
0.994155143620446
0.407236989121884
0.628346278797835
0.723198956344277
0.980643914081156
0.9910891673062
0.225541992345825
0.873116597067565
0.587093723472208
0.842791953822598
0.25006008031778
0.896350970724598
0.740080548450351
0.527714097173885
0.167565996525809
0.794952985364944
0.182036446174607
0.8928892405238
0.922830004477873
0.842809436144307
0.765886644599959
0.827623811783269
0.506743000121787
0.790365319466218
0.379848398268223
0.0286143340636045
0.793318561976776
0.0602247454226017
0.66883642389439
0.687075627502054
0.708824226632714
0.359030382707715
0.869066736428067
0.346227325033396
0.91889409837313
0.82955080573447
0.829827142180875
0.0500554125756025
0.434571706689894
0.526963869575411
0.571347696473822
0.801563845947385
0.0350973536260426
0.709828196791932
0.806984670693055
0.667717903619632
0.239829301601276
0.766586398938671
0.66442552418448
0.439122268930078
0.998803769005463
0.55826322408393
0.861013768240809
0.267451982479542
0.688345545670018
0.449724432546645
0.862409207969904
0.14247680013068
0.80903232563287
0.180588455172256
0.594303831690922
0.723122641677037
0.610898199491203
0.98188283899799
0.361443159403279
0.292330611264333
0.864567915908992
0.979296789504588
0.111867292551324
0.492184419650584
0.357770209899172
0.015279364772141
0.351415162207559
0.452285148203373
0.704740732209757
0.4671287718229
0.675476445117965
0.225244145141914
0.809673228766769
0.640053399140015
0.00646111625246704
0.410786772845313
0.714848787523806
0.722769452724606
0.828945622779429
0.969180842628703
0.0478668522555381
0.767440611729398
0.388596428092569
0.882450677920133
0.491334085585549
0.942977369762957
0.877339872764423
0.659040946746245
0.964786385418847
0.961319122929126
0.55684155295603
0.0490578922908753
0.0714697572402656
0.425293583888561
0.136670674895868
0.397552191512659
0.647172098280862
0.18683310225606
0.0678044436499476
0.879313288489357
0.881677699973807
0.537905897945166
0.192408468807116
0.0511402490083128
0.0343908166978508
0.247287335805595
0.57273823977448
0.75904981396161
0.320627376670018
0.427783301565796
0.824935668613762
0.441166047472507
0.377220178721473
0.644837909843773
0.605922996997833
0.146978951292112
0.00303311320021749
0.033187979599461
0.227491855155677
0.94263569987379
0.248701015952975
0.645024082157761
0.897741950117052
0.684271627804264
0.0468601670581847
0.564984120894223
0.0145684969611466
0.869532416108996
0.480838892748579
0.864105757093057
0.365550870774314
0.0509696896187961
0.666039759060368
0.539874014910311
0.116398303769529
0.0916687268763781
0.630957663524896
0.329339146614075
0.149251833092421
0.341437181690708
0.871656347997487
0.770336397690699
0.235740394331515
0.706525001209229
0.92278432007879
0.604577882913873
0.00618262216448784
0.399971508188173
0.606852198718116
0.518601705320179
0.285686592338607
0.75532749062404
0.0393797343131155
0.678060254780576
0.182738373056054
0.583087975392118
0.667952060932294
0.835452027618885
0.747745631495491
0.835918432567269
0.152338347397745
0.262564598582685
0.904254746856168
0.674950191052631
0.807363578118384
0.692841006210074
0.347586264600977
0.600918159587309
0.969944364158437
0.568681518780068
0.452903175493702
0.0292305771727115
0.391320020891726
0.611589893465862
0.399526759749278
0.18116097105667
0.643607049947605
0.191405138000846
0.545101839117706
0.283829151419923
0.502056672703475
0.813608129508793
0.174605190753937
0.302693279925734
0.0403310884721577
0.377398634329438
0.65887850173749
0.731773522216827
0.413040417712182
0.0928792154882103
0.831431324826553
0.0102610921021551
0.648707894841209
0.820045847445726
0.408018205547705
0.518141570501029
0.856367574073374
0.46160064288415
0.735395568888634
0.0279947475064546
0.184910483425483
0.065592068945989
0.477960297372192
0.686663405969739
0.261787022231147
0.206496159313247
0.183297241572291
0.0629907513502985
0.493932847632095
0.0743738515302539
0.459147943649441
0.593234815867618
0.0785381351597607
0.660403257934377
0.0267781841102988
0.0995156040880829
0.973376935115084
0.496904545929283
0.578361132880673
0.768407658673823
0.219079716131091
0.839771564351395
0.110736749600619
0.937166691292077
0.464366981526837
0.459090867079794
0.0885381593834609
0.693238587817177
0.722524684853852
0.995980856241658
0.684046662645414
0.508641468593851
0.0646892145741731
0.294346262002364
0.43208689102903
0.014790459536016
0.598297141958028
0.859792778734118
0.112942233681679
0.975852720439434
0.866387382848188
0.214761773589998
0.81072049960494
0.303142400924116
0.786269497359172
0.459772260859609
0.710763400187716
0.988680148730054
0.172231259057298
0.509340251330286
0.386442900868133
0.159050289075822
0.971163783455268
0.96833037910983
0.810978248715401
0.648800286930054
0.821388287935406
0.170735200401396
0.753524416126311
0.807060945080593
0.922479120083153
0.75507567380555
0.656348200980574
0.410331998020411
0.0167271906975657
0.956975920358673
0.453366781352088
0.177200332516804
0.296750974375755
0.121331587899476
0.0679909156169742
0.865007236599922
0.807931752642617
0.593908609822392
0.781859821407124
0.606420889962465
0.593793149339035
0.931822371436283
0.945756508503109
0.002607581904158
0.0461908495053649
0.958817986771464
0.981653857976198
0.187837275210768
0.157843631925061
0.929125944850966
0.97724575153552
0.872911953832954
0.918637127615511
0.43721918342635
0.301623284583911
0.144602112239227
0.296850466402248
0.446054277475923
0.502277453197166
0.5613568413537
0.0511432064231485
0.80069483933039
0.387190615059808
0.880147510673851
0.44282979844138
0.167346839560196
0.555791272781789
0.271775697590783
0.266756790690124
0.762749104760587
0.679503455758095
0.925292024156079
0.176420900272205
0.340778557118028
0.953537825029343
0.894181777723134
0.304758593905717
0.202391788130626
0.514996061567217
0.926071495283395
0.733678694115952
0.270652321632951
0.754462585318834
0.285194728756323
0.638759027002379
0.117243416141719
0.42147048865445
0.224990062881261
0.23122351965867
0.0410738894715905
0.728454258758575
0.977446179836988
0.260387161979452
0.952314936555922
0.728211823385209
0.624300454044715
0.227790686069056
0.287291751476005
0.113644034601748
0.98723389278166
0.660303155193105
0.715032075997442
0.0809501155745238
0.729145438876003
0.478148733731359
0.250024173175916
0.0537809685338289
0.961647274903953
0.930943086044863
0.382931148633361
0.642108480911702
0.950396181084216
0.21081791841425
0.25779794761911
0.90998735325411
0.237890543881804
0.277028299402446
0.171264627017081
0.510012337006629
0.904406731948256
0.0068621018435806
0.780456889420748
0.00163703155703843
0.498766199685633
0.538070318289101
0.209658427163959
0.0905417161993682
0.790347963571548
0.6800628665369
0.535318092210218
0.917755533009768
0.269761026604101
0.466531971935183
0.821151346899569
0.267802219605073
0.293641229858622
0.894801652990282
0.285218555247411
0.425689351046458
0.793303033336997
0.395156132755801
0.425354378996417
0.0240031278226525
0.357634683838114
0.563778491690755
0.633587526157498
0.633342999499291
0.747960550012067
0.849111743504182
0.432780354050919
0.126144888577983
0.114412972005084
0.922891822410747
0.429229626664892
0.373804423958063
0.194469921290874
0.516301929019392
0.319526873994619
0.96669763373211
0.351209207437932
0.157638267613947
0.500445524696261
0.903252976480871
0.684825154254213
0.979945621686056
0.215838809264824
0.328818663023412
0.737204137025401
0.694581241812557
0.57193455286324
0.152909784577787
0.978537701303139
0.238670817343518
0.218983184313402
0.786577778635547
0.688502334291115
0.616143719293177
0.544093779288232
0.634256787598133
0.939687725389376
0.137157305143774
0.433653474552557
0.0424144433345646
0.419625641545281
0.114515882916749
0.427546756807715
0.99991975328885
0.219843281432986
0.296351204393432
0.937737555941567
0.985441077733412
0.470056546851993
0.257724410155788
0.870711016701534
0.0141899755690247
0.618393672863021
0.609121710760519
0.210667608072981
0.533358943182975
0.0143525786697865
0.791615516413003
0.904832782456651
0.372031548758969
0.235815714811906
0.873254349688068
0.627349154790863
0.258920482825488
0.197308253496885
0.414251339621842
0.379948236746714
0.0127510447055101
0.780070291832089
0.734568590531126
0.313807098427787
0.297237848397344
0.717798762954772
0.00359268067404628
0.575964049901813
0.639474384486675
0.728914280654863
0.233871172182262
0.869554238393903
0.144815010717139
0.497118995292112
0.208430482307449
0.533741794293746
0.64633224112913
0.901352301239967
0.365389366168529
0.33176274318248
0.507039970485494
0.828208345454186
0.675689989700913
0.522226777393371
0.716803597984836
0.0111557675991207
0.995489598019049
0.330777046503499
0.585563488071784
0.317190865753219
0.859959517139941
0.953328907024115
0.43456157669425
0.0868165141437203
0.0922308645676821
0.90881370799616
0.43080284865573
0.486952212639153
0.433247813023627
0.669169805012643
0.272283147089183
0.616058867890388
0.666212868643925
0.573643242940307
0.433127943426371
0.948709088377655
0.707734073977917
0.81376869766973
0.185286130523309
0.269169539678842
0.657522448105738
0.627398681361228
0.773212844971567
0.0444419279228896
0.776873948285356
0.473773954901844
0.406894280109555
0.0656467096414417
0.387993115000427
0.839038914069533
0.860900841886178
0.0260423542931676
0.889795223018155
0.216571925906464
0.449865574715659
0.913179310737178
0.597312904894352
0.251127753173932
0.546762786107138
0.986538560362533
0.415265833493322
0.00814255862496793
0.763793066609651
0.486225155182183
0.247174028307199
0.170943151693791
0.536529388977215
0.881904522422701
0.592261863173917
0.303557292791083
0.493070473894477
0.650807157857344
0.57519730576314
0.622822673991323
0.855772820068523
0.879395044408739
0.514684057096019
0.910657097352669
0.436568718869239
0.224775267764926
0.361532761016861
0.853756380267441
0.789996684994549
0.151835871627554
0.193309897556901
0.15143090323545
0.527978429105133
0.845757528441027
0.697547795716673
0.12603482673876
0.395498719764873
0.901320627657697
0.50338020734489
0.777727210894227
0.739738156786188
0.357273197732866
0.986221784725785
0.0188372361008078
0.354595174081624
0.902087886352092
0.708919660653919
0.471845202380791
0.142617058940232
0.33125792327337
0.559351701987907
0.892651800531894
0.0137810769956559
0.959801233373582
0.921322179725394
0.485366630600765
0.104859576094896
0.889014868764207
0.816626072628424
0.189861900173128
0.596643082564697
0.405656758695841
0.494755984283984
0.801032323157415
0.870654677739367
0.493152994662523
0.878499311162159
0.332703790394589
0.556555548682809
0.575843071332201
0.870978164486587
0.443666925188154
0.650068809278309
0.0289685598108917
0.600074409041554
0.509381910786033
0.477316293632612
0.0539063536562026
0.761500840308145
0.233404077589512
0.271360299549997
0.458883376326412
0.512853136751801
0.0917057835031301
0.634496732382104
0.196922353934497
0.357064281823114
0.664507353678346
0.0713081371504813
0.0147127828095108
0.847335211699829
0.00772978295572102
0.889497434953228
0.0239696383941919
0.977797325933352
0.537328841630369
0.0784381292760372
0.549387031933293
0.454609517939389
0.3530951612629
0.369905265280977
0.453867963980883
0.838815853232518
0.403702764771879
0.275855668354779
0.283019979251549
0.523726944578812
0.960308332694694
0.0263317679055035
0.255100870737806
0.570876000449061
0.844449480064213
0.642208288423717
0.0837190549355
0.590782449580729
0.080554154003039
0.745685789501294
0.0101012724917382
0.881932018557563
0.256815651897341
0.700398469110951
0.528703198768198
0.144453789107502
0.778375958325341
0.791648129466921
0.314305001404136
0.644327885238454
0.992990912403911
0.720189759274945
0.404825157951564
0.963387843687087
0.509786941111088
0.0886023484636098
0.179657027125359
0.585348209599033
0.23571028187871
0.0779697909019887
0.676803321344778
0.888653775909916
0.739936092868447
0.835839661769569
0.522430747514591
0.628585247788578
0.537492107832804
0.352276742458344
0.288860680535436
0.358839482767507
0.88429811084643
0.716638219775632
0.77007876872085
0.977775342063978
0.817659290041775
0.458040358731523
0.448749305913225
0.144016702659428
0.572505462216213
0.155106055550277
0.748901061946526
0.94096848834306
0.697711056564003
0.845690255519003
0.634282891405746
0.531455376418307
0.452068576123565
0.467930651968345
0.0990487253293395
0.976806067628786
0.895136549603194
0.451506089884788
